V= 4, 116, 788, 473, 19102, 14040, 6061, 2435, 59469, 28747, 3072, 19100, 3845, 13, 9, 99, 93, 8171, 1343, 5939, 5905, 4, 651, 30823, 1578, 57627, 5, 3645, 1018, 8470, 4231, 1459, 8293, 58146, 611, 12, 910, 39, 213, 38, 3882, 688, 5, 47, 14130, 299, 58959, 221, 39192, 2390, 653, 19, 914, 45, 4475, 17712, 1266, 8685, 430, 30673, 1187, 28765, 7734, 2370, 2389, 396, 3, 2513, 1554, 12, 8096, 171, 8230, 243, 17339, 8342, 10511, 614, 19628, 3388, 13447, 22433, 9, 5747, 181, 91, 15, 3341, 1399, 13528, 3102, 1529, 1297, 1628, 35, 14103, 121, 8580, 13662, 279
N= 8, 232, 1576, 946, 38204, 28080, 12122, 4870, 118938, 57494, 6144, 38200, 7690, 26, 18, 198, 186, 16342, 2686, 11878, 11810, 8, 1302, 61646, 3156, 115254, 10, 7290, 2036, 16940, 8462, 2918, 16586, 116292, 1222, 24, 1820, 78, 426, 76, 7764, 1376, 10, 94, 28260, 598, 117918, 442, 78384, 4780, 1306, 38, 1828, 90, 8950, 35424, 2532, 17370, 860, 61346, 2374, 57530, 15468, 4740, 4778, 792, 6, 5026, 3108, 24, 16192, 342, 16460, 486, 34678, 16684, 21022, 1228, 39256, 6776, 26894, 44866, 18, 11494, 362, 182, 30, 6682, 2798, 27056, 6204, 3058, 2594, 3256, 70, 28206, 242, 17160, 27324, 558
d= 4, 12, 16, 15, 24, 23, 21, 19, 27, 25, 20, 24, 20, 8, 8, 12, 12, 22, 18, 21, 21, 4, 16, 25, 18, 27, 5, 20, 17, 22, 20, 18, 22, 27, 16, 6, 17, 9, 14, 10, 20, 16, 5, 10, 23, 14, 27, 14, 26, 19, 16, 8, 17, 10, 20, 24, 18, 22, 15, 25, 18, 25, 22, 19, 19, 15, 3, 19, 18, 7, 22, 13, 22, 14, 24, 22, 22, 16, 24, 20, 23, 24, 6, 21, 13, 12, 8, 20, 18, 23, 20, 18, 18, 18, 10, 23, 12, 22, 23, 14
Branching factor= 1.50000, 1.35776, 1.34074, 1.34038, 1.33918, 1.33814, 1.34425, 1.34497, 1.33591, 1.33567, 1.34359, 1.33599, 1.34772, 1.50000, 1.38889, 1.31818, 1.34409, 1.33582, 1.34996, 1.33676, 1.33827, 1.50000, 1.35561, 1.33843, 1.34379, 1.33535, 1.50000, 1.34335, 1.33153, 1.34362, 1.33975, 1.34887, 1.33908, 1.33488, 1.34124, 1.41667, 1.34945, 1.38462, 1.35211, 1.38158, 1.34467, 1.35174, 1.50000, 1.38298, 1.33977, 1.34114, 1.33451, 1.34389, 1.33655, 1.34017, 1.35528, 1.36842, 1.33917, 1.37778, 1.34168, 1.33810, 1.33175, 1.33823, 1.33837, 1.33838, 1.34078, 1.33657, 1.33734, 1.34852, 1.34157, 1.35606, 1.66667, 1.34481, 1.34492, 1.41667, 1.34443, 1.35088, 1.33809, 1.34774, 1.33958, 1.33673, 1.33731, 1.33143, 1.33923, 1.33663, 1.33770, 1.33580, 1.50000, 1.34305, 1.34254, 1.36264, 1.43333, 1.33957, 1.33953, 1.33856, 1.34462, 1.34827, 1.34310, 1.35104, 1.35714, 1.33723, 1.36364, 1.34050, 1.34314, 1.33692
