V= 33, 1690, 11763, 6840, 120887, 114658, 60389, 36642, 176624, 157303, 38575, 118773, 49260, 221, 195, 1167, 1688, 75047, 20230, 62519, 67494, 16, 9901, 146030, 19043, 171323, 48, 44161, 17987, 80952, 46016, 23703, 79539
N= 66, 3380, 23526, 13680, 241774, 229316, 120778, 73284, 353248, 314606, 77150, 237546, 98520, 442, 390, 2334, 3376, 150094, 40460, 125038, 134988, 32, 19802, 292060, 38086, 342646, 96, 88322, 35974, 161904, 92032, 47406, 159078
d= 4, 12, 16, 15, 24, 23, 21, 19, 27, 25, 20, 24, 20, 8, 8, 12, 12, 22, 18, 21, 21, 4, 16, 25, 18, 27, 5, 20, 17, 22, 20, 18, 22
Branching factor= 1.42424, 1.34852, 1.35578, 1.36915, 1.35132, 1.34341, 1.36253, 1.35493, 1.33433, 1.33431, 1.37478, 1.35463, 1.34135, 1.35747, 1.37949, 1.39674, 1.33531, 1.36502, 1.35907, 1.35514, 1.35359, 1.50000, 1.34774, 1.34529, 1.36832, 1.34009, 1.41667, 1.36188, 1.34177, 1.34807, 1.37433, 1.34730, 1.35086
