V= 4, 51, 294, 161, 4924, 3282, 1709, 561, 17546, 5593, 659, 5312, 1253, 10, 8, 43, 43, 2001, 346, 1426, 1466, 4, 285, 8752, 556, 13164, 5, 1081, 311, 2227, 950, 432, 2146, 13710, 214, 7, 242, 19, 66, 15, 1265, 310, 5, 23, 3570, 133, 17398, 76, 9429, 612, 259, 12, 296, 20, 1315, 2839, 297, 2313, 190, 8388, 227, 5001, 1511, 595, 607, 117, 3, 666, 561, 9, 2088, 85, 1914, 81, 3010, 2273, 2589, 126, 5740, 907, 2667, 4788, 8, 1312, 80, 39, 10, 812, 383, 2751, 726, 553, 335, 603, 15, 3507, 36, 2311, 2972, 122
N= 8, 102, 588, 322, 9848, 6564, 3418, 1122, 35092, 11186, 1318, 10624, 2506, 20, 16, 86, 86, 4002, 692, 2852, 2932, 8, 570, 17504, 1112, 26328, 10, 2162, 622, 4454, 1900, 864, 4292, 27420, 428, 14, 484, 38, 132, 30, 2530, 620, 10, 46, 7140, 266, 34796, 152, 18858, 1224, 518, 24, 592, 40, 2630, 5678, 594, 4626, 380, 16776, 454, 10002, 3022, 1190, 1214, 234, 6, 1332, 1122, 18, 4176, 170, 3828, 162, 6020, 4546, 5178, 252, 11480, 1814, 5334, 9576, 16, 2624, 160, 78, 20, 1624, 766, 5502, 1452, 1106, 670, 1206, 30, 7014, 72, 4622, 5944, 244
d= 4, 12, 16, 15, 24, 23, 21, 19, 27, 25, 20, 24, 20, 8, 8, 12, 12, 22, 18, 21, 21, 4, 16, 25, 18, 27, 5, 20, 17, 22, 20, 18, 22, 27, 16, 6, 17, 9, 14, 10, 20, 16, 5, 10, 23, 14, 27, 14, 26, 19, 16, 8, 17, 10, 20, 24, 18, 22, 15, 25, 18, 25, 22, 19, 19, 15, 3, 19, 18, 7, 22, 13, 22, 14, 24, 22, 22, 16, 24, 20, 23, 24, 6, 21, 13, 12, 8, 20, 18, 23, 20, 18, 18, 18, 10, 23, 12, 22, 23, 14
Branching factor= 1.50000, 1.36275, 1.35884, 1.35404, 1.33712, 1.33653, 1.34494, 1.34403, 1.33264, 1.33014, 1.33536, 1.33641, 1.34397, 1.45000, 1.37500, 1.34884, 1.40698, 1.33483, 1.34104, 1.33205, 1.33697, 1.50000, 1.33684, 1.33752, 1.34802, 1.32672, 1.50000, 1.34505, 1.31833, 1.33655, 1.33526, 1.33796, 1.33364, 1.32688, 1.35280, 1.50000, 1.32645, 1.47368, 1.35606, 1.50000, 1.34229, 1.35645, 1.50000, 1.39130, 1.33599, 1.35338, 1.33173, 1.36184, 1.33339, 1.34477, 1.34556, 1.41667, 1.35642, 1.42500, 1.33574, 1.32582, 1.32492, 1.33571, 1.33947, 1.33739, 1.33260, 1.32454, 1.32958, 1.33613, 1.34020, 1.35897, 1.66667, 1.34084, 1.33690, 1.50000, 1.34171, 1.34706, 1.33725, 1.35802, 1.33339, 1.33326, 1.33623, 1.35317, 1.33467, 1.33297, 1.33558, 1.32801, 1.50000, 1.32927, 1.33125, 1.35897, 1.45000, 1.32759, 1.34334, 1.33297, 1.33884, 1.34087, 1.34030, 1.33250, 1.43333, 1.33590, 1.37500, 1.34293, 1.33378, 1.34836
