V= 4, 37, 204, 103, 2445, 1355, 970, 263, 7771, 1793, 324, 2676, 768, 10, 8, 36, 35, 1021, 172, 621, 774, 4, 226, 4240, 385, 3968, 5, 569, 182, 1089, 437, 246, 1098, 4852, 136, 7, 134, 16, 29, 13, 743, 248, 5, 20, 1588, 103, 7471, 53, 3552, 337, 164, 12, 185, 17, 712, 722, 167, 1189, 155, 3792, 72, 1154, 551, 301, 335, 78, 3, 338, 367, 9, 1052, 71, 825, 49, 928, 1145, 1186, 49, 3000, 509, 891, 1733, 8, 575, 60, 28, 10, 381, 206, 1061, 366, 370, 181, 438, 15, 1649, 19, 1148, 1116, 92
N= 8, 74, 408, 206, 4890, 2710, 1940, 526, 15542, 3586, 648, 5352, 1536, 20, 16, 72, 70, 2042, 344, 1242, 1548, 8, 452, 8480, 770, 7936, 10, 1138, 364, 2178, 874, 492, 2196, 9704, 272, 14, 268, 32, 58, 26, 1486, 496, 10, 40, 3176, 206, 14942, 106, 7104, 674, 328, 24, 370, 34, 1424, 1444, 334, 2378, 310, 7584, 144, 2308, 1102, 602, 670, 156, 6, 676, 734, 18, 2104, 142, 1650, 98, 1856, 2290, 2372, 98, 6000, 1018, 1782, 3466, 16, 1150, 120, 56, 20, 762, 412, 2122, 732, 740, 362, 876, 30, 3298, 38, 2296, 2232, 184
d= 4, 12, 16, 15, 24, 23, 21, 19, 27, 25, 20, 24, 20, 8, 8, 12, 12, 22, 18, 21, 21, 4, 16, 25, 18, 27, 5, 20, 17, 22, 20, 18, 22, 27, 16, 6, 17, 9, 14, 10, 20, 16, 5, 10, 23, 14, 27, 14, 26, 19, 16, 8, 17, 10, 20, 24, 18, 22, 15, 25, 18, 25, 22, 19, 19, 15, 3, 19, 18, 7, 22, 13, 22, 14, 24, 22, 22, 16, 24, 20, 23, 24, 6, 21, 13, 12, 8, 20, 18, 23, 20, 18, 18, 18, 10, 23, 12, 22, 23, 14
Branching factor= 1.50000, 1.37838, 1.36765, 1.35437, 1.33558, 1.33432, 1.34072, 1.34030, 1.33104, 1.32236, 1.34105, 1.33539, 1.34180, 1.45000, 1.37500, 1.37500, 1.38571, 1.33007, 1.32849, 1.32609, 1.33463, 1.50000, 1.34513, 1.33927, 1.34805, 1.32170, 1.50000, 1.34710, 1.35440, 1.33471, 1.34783, 1.34350, 1.33698, 1.32389, 1.35294, 1.50000, 1.34328, 1.46875, 1.39655, 1.42308, 1.34522, 1.35081, 1.50000, 1.40000, 1.33816, 1.34466, 1.32740, 1.33962, 1.33108, 1.33976, 1.35671, 1.41667, 1.34595, 1.41176, 1.34129, 1.32064, 1.33234, 1.33768, 1.34839, 1.33650, 1.36111, 1.31716, 1.33394, 1.33389, 1.33731, 1.37179, 1.66667, 1.34320, 1.34605, 1.50000, 1.34411, 1.35211, 1.33636, 1.38776, 1.32220, 1.33362, 1.33727, 1.33673, 1.34067, 1.33202, 1.32099, 1.32372, 1.50000, 1.32435, 1.34167, 1.37500, 1.45000, 1.33727, 1.33981, 1.33176, 1.33607, 1.34730, 1.35359, 1.33676, 1.43333, 1.33354, 1.39474, 1.33362, 1.33826, 1.35326
